# Shifts between 20x_dw and 60x_dw
    1.0000   -2.1463   -0.3609
    2.0000   -1.9066   -0.4915
    3.0000   -1.7694   -0.9245
    4.0000   -2.0660   -0.5593
    5.0000   -1.9859   -0.8377
    6.0000   -1.9610   -0.6324
    7.0000   -2.6062   -0.1174

# Shifts between 20x_raw and 60x_dw
    1.0000   -1.6787   -0.8950
    2.0000   -1.8275   -0.7715
    3.0000   -2.3070   -1.2406
    4.0000   -1.7318   -0.5125
    5.0000   -1.6760   -1.6029
    6.0000   -1.9760   -1.0534
    7.0000   -2.5533   -1.4364
